"","1","2","3","4","5","6","7","8","9","10","11","12","13","14","15","16"
"sscle_02g013040",1.41478709673106e-05,0.000108757049807993,7.49322603762066e-05,0.000484866191894926,1.80408302863448e-05,0.00501106226941748,7.69361241216061e-05,0.00759079449864203,3.45300406351202e-05,1.85084230229403e-05,0.000135726777823708,0.0405567659130145,0.945391470979237,0.000456863329930241,1.59204879780015e-05,1.067695284479e-05
"sscle_06g052580",2.63255849902511e-05,2.62567125490614e-05,0.000685406938704606,0.000425883726027635,0.00273895564397701,0.0193834181358004,0.000783194906317423,9.25738132477427e-05,2.39972027828704e-05,0.000103167005578403,0.975378180374834,0.000133112997385435,5.26265575981407e-05,2.31373552360573e-05,2.37449084754633e-05,0.000100018136496162
"sscle_08g067290",7.60297107306832e-05,0.000186745247079822,0.00159050376191366,0.00278230057793219,0.00254617209929709,0.858296587377064,0.00100182282835611,0.00192627668975355,7.46936528569751e-05,0.000594242055168365,0.125502111709354,0.00302571271900465,0.00190770003773758,0.000160209093875736,0.000122182381015523,0.000206710058859407
"sscle_01g008680",7.07745959818495e-05,5.00303088264482e-05,0.00528231429828042,0.00047749405953024,0.97780668019436,7.92048813637032e-05,0.000392506804638917,3.50029623020565e-05,1.77545869714409e-05,0.00639630650858972,0.00703427015658034,8.42775008755456e-06,6.18951986810398e-06,7.50324952091906e-06,0.000179762659648898,0.00215577746344974
"sscle_08g063640",0.000704791819855137,0.000548031902155784,0.00777554901041923,0.00825026614515708,0.0199183371965087,0.131204968315187,0.0272090081363565,0.00136928325712986,0.000820380707625332,0.00125197241290867,0.79210223996303,0.00472364059670331,0.00113728545718112,0.00072581456300121,0.000462816331623009,0.00179561418515803
"sscle_03g029780",1.66193317410784e-05,2.8208929765831e-05,0.000237408453294045,0.000439988049067456,0.000337570436404354,0.959261908008401,0.000365017737055241,0.000225847705491322,2.24190070359572e-05,4.90368750149756e-05,0.0374032364382651,0.00117061614859687,0.000346745942708851,4.48538372313512e-05,1.61725179552694e-05,3.43505819707663e-05
"sscle_02g011830",1.38118910071636e-05,1.38555814599585e-05,0.000387726266514645,0.00022407637738555,0.00181879225215311,0.0093367812995036,0.000314268525753472,4.81102116221147e-05,1.25011227324823e-05,5.91092835059387e-05,0.987610271107469,5.7714393312697e-05,2.49674734031415e-05,1.14525974954275e-05,1.26712447438575e-05,5.38903719378026e-05
"sscle_03g029910",2.07223973902468e-06,4.12426844324241e-06,3.55410422309093e-05,5.78042502667304e-05,3.36466367009466e-05,0.994975189273891,4.42847081328862e-05,4.83428088419063e-05,3.00893302307575e-06,5.37054071895302e-06,0.00454074996152634,0.000164989727232209,7.19279665783155e-05,7.01042291973811e-06,1.93308096456589e-06,4.00413879075193e-06
"sscle_09g071170",7.46305333990689e-06,1.27608518592611e-05,0.000144328846182846,0.000189003781975975,0.000176772597652941,0.960546048436205,0.000178071296998018,0.000114900830653323,9.87817065827426e-06,2.11406614305942e-05,0.0381104121868297,0.00031632653332496,0.00013065890962,1.88018684577938e-05,6.8753044227032e-06,1.65566703890508e-05
"sscle_03g024170",5.62350525669881e-05,7.6938277479643e-05,0.000976835439116508,0.00120055192420865,0.00172809554498983,0.650488860929848,0.00132385531941327,0.000468387208355228,7.12156428857602e-05,0.000155891448020191,0.341427491454403,0.00128428201101326,0.000452778120925204,0.000106135244193456,4.88598842624852e-05,0.000133586498318352
"sscle_08g066360",6.99118151060474e-06,6.83448889836021e-06,0.000274247935461972,0.000103305255691612,0.00108260078878655,0.00342622826043049,0.000186635342576193,2.33919733180391e-05,6.02893577038105e-06,2.7663847126024e-05,0.994784838324343,1.97580136977414e-05,9.96308323255368e-06,5.16391752066041e-06,6.03002790326513e-06,3.03186237331008e-05
"BGI_novel_G000007",4.74111558333812e-06,2.35809167046417e-05,1.02782046524512e-05,0.000117896477233951,3.65457758590419e-06,0.000302108491503885,2.49455840625959e-05,0.000281064827481315,1.46881051679716e-05,4.06988561728125e-06,1.81232415174153e-05,0.960572384233291,0.0384079570275919,0.000207264626490393,4.56932332305773e-06,2.67336219262678e-06
"sscle_09g070050",4.04534145902265e-06,8.25832045844262e-06,6.07233335366369e-05,0.000113809733579346,5.34620377722755e-05,0.994049643294984,9.34986092426618e-05,9.51297021987272e-05,5.99991069619821e-06,9.87486211778052e-06,0.00483062387180847,0.000472852551537535,0.000175770474015618,1.51289644253434e-05,3.78682201954388e-06,7.39217014797037e-06
"sscle_12g088050",4.12431421623077e-06,7.96267082027468e-06,6.05586065398202e-05,0.000112203718363323,5.80359819128631e-05,0.993022795725185,9.37254620044602e-05,8.59149986671493e-05,6.17561505907142e-06,9.89478004687749e-06,0.00592473187191671,0.000435512683528332,0.000152258286816346,1.47669730848522e-05,3.765583903261e-06,7.57272793513929e-06
"sscle_04g035090",1.57575280909271e-07,3.88502201447201e-07,3.59024767031228e-06,4.65342326686379e-06,1.97456938987485e-06,0.999691720854357,3.63268857513911e-06,7.56115830720892e-06,2.35689532589953e-07,3.66505453976416e-07,0.000261921181340034,1.27405737495542e-05,9.95445419514059e-06,6.64789295754773e-07,1.44430491412802e-07,2.93356892452545e-07
"sscle_03g023190",7.63341870472227e-06,1.47148131616882e-05,0.000102789481923495,0.000210359362337926,0.00010710430852454,0.988878407173213,0.0001611108616925,0.000150830315398563,1.13272285188561e-05,1.92579110456403e-05,0.00911623490877334,0.000887800032006047,0.000284177552279198,2.71087571071181e-05,7.21121635446387e-06,1.3932658958703e-05
"sscle_08g067200",1.72317357974939e-05,6.18367823083298e-05,0.000165862283126445,0.000552315230946109,6.1878583713696e-05,0.954885181012239,0.000255285885834091,0.00200143479289674,3.59845083174609e-05,2.59305654055873e-05,0.00156996458771006,0.0220712074703805,0.0180505388354523,0.000210318094512474,1.56399016622997e-05,1.93897296970309e-05
"sscle_07g057240",4.07793665449021e-06,7.29565377787776e-06,9.22087156678926e-05,0.00010319089138352,9.64053490986051e-05,0.971263020151895,9.74774266368584e-05,7.40008759035895e-05,5.4493888421955e-06,1.1151491774667e-05,0.0280042825511454,0.000144931228979208,7.32212272231588e-05,1.04994813673505e-05,3.6712031330106e-06,9.1164265175753e-06
"sscle_15g103590",0.165197354066628,0.0139041623385656,0.162115344172722,0.0286383192640888,0.0373309866698215,0.000774743048676079,0.17759696727582,0.00169597646876033,0.054337646876673,0.0100598450976846,0.00697262205785844,0.000500784071043796,0.000317497658147669,0.0033307395053856,0.0185657902257397,0.318661221202385
"sscle_03g029030",2.42714814576699e-06,8.59538247326453e-06,3.16478883549724e-05,8.35488390770494e-05,1.30165487437976e-05,0.996519292611908,3.37001824815044e-05,0.000305463735611305,4.51461994674471e-06,4.69783926004671e-06,0.000491450417614775,0.00114464806860225,0.00132971216698626,2.17230407478349e-05,2.37236672931681e-06,3.18914331782677e-06
"sscle_03g025780",8.49620671844474e-06,2.38910111496552e-05,8.64574706548953e-05,0.000272320803017602,5.06117983639648e-05,0.989243363856134,0.000138202909620211,0.00044972823113729,1.5362247369654e-05,1.67649311927283e-05,0.00176677070236537,0.00566084218717383,0.00218486873197363,6.26741393699084e-05,8.22063870120539e-06,1.14241350575226e-05
"sscle_02g021600",1.83374218124237e-05,2.9122639947281e-05,0.000301187431595257,0.000448061541410356,0.000431139805979878,0.925209106404358,0.00045519095511929,0.000220526242233867,2.42186611519321e-05,5.16495587418624e-05,0.0715806554769378,0.000851498201248387,0.000278039320321844,4.41629449926394e-05,1.68689893770157e-05,4.0234404772319e-05
"sscle_14g097800",3.58744161476983e-05,3.43138529752235e-05,0.000726917104937808,0.000590765265137316,0.00428277046132608,0.0212223343320887,0.000826002270252594,0.000108222486284213,3.27541149418581e-05,0.000161085050432262,0.971513686293486,0.000198808310053405,6.85830065033436e-05,3.03709334839773e-05,3.43586777943928e-05,0.000133153424155705
"sscle_12g087220",1.91999807784912e-06,3.74688836347333e-06,3.48046654760306e-05,5.27241711262395e-05,3.28803875747046e-05,0.994515461971048,4.3362498580172e-05,4.30609531133716e-05,2.7458202601702e-06,4.96876049065269e-06,0.00505629460638545,0.000136008957520972,6.02157185572272e-05,6.22711530609285e-06,1.77059720871838e-06,3.80689091125614e-06
"sscle_01g005340",2.3925435889174e-06,4.77368207242554e-06,4.25018459634833e-05,6.58774682713272e-05,3.93262861058042e-05,0.993936347101787,4.96586670514504e-05,5.66957419389373e-05,3.47026654562927e-06,6.17464340862415e-06,0.00552824404380565,0.000170610992251147,7.90713670815483e-05,7.9867555260914e-06,2.21530750654097e-06,4.6532870953758e-06
"sscle_06g054250",5.82816974261368e-06,1.24662365876232e-05,6.93912891294368e-05,0.000167961423992258,5.89390176602635e-05,0.994051055245822,0.000118145280271182,0.0001504753403929,9.37791361912834e-06,1.30885095964172e-05,0.00362239553925774,0.0012903555726448,0.000388969928629426,2.66463340216777e-05,5.4503345692691e-06,9.45386406325875e-06
"sscle_05g046900",3.66388792859114e-06,7.1323290715987e-06,5.75231431865672e-05,0.000102215734539516,5.95674787152075e-05,0.992222035753961,7.73407872919014e-05,7.67931637340073e-05,5.28064622884309e-06,9.76565423821691e-06,0.00690874026280322,0.000323597898541708,0.000123622365881222,1.21841045506228e-05,3.48406906976597e-06,7.05272025781807e-06
"sscle_04g037940",8.95405174362198e-06,1.59832144082717e-05,0.000130269702239027,0.000237645446163908,0.000153146393501392,0.981121616672663,0.000203460423921588,0.000145155444605908,1.27112347337955e-05,2.36336255764032e-05,0.0169170368794298,0.000741686756803953,0.000235412491174449,2.73881539528481e-05,8.37297718913145e-06,1.75265318925724e-05
"sscle_16g109420",3.87233762265397e-06,7.33920350158095e-06,8.2742239410769e-05,0.000104729809586986,8.48788750094264e-05,0.981220348572882,8.75168837950844e-05,7.83232963380698e-05,5.14911766850296e-06,1.1225896345391e-05,0.0180329778682517,0.000172202253258508,8.5983891300659e-05,1.0576576166069e-05,3.66500578998323e-06,8.46817307295609e-06
"sscle_06g054430",6.49821011422756e-07,1.73643171930812e-06,1.05043753604909e-05,1.96043530119335e-05,5.24721672125743e-06,0.99933917386127,1.37989455110148e-05,3.68499667631122e-05,1.09156617165205e-06,1.28103991258767e-06,0.000352197650083106,0.000126893780647131,8.55887605416807e-05,3.78199659252623e-06,5.85014052762891e-07,1.01522063013269e-06
"sscle_12g088930",3.65478564292956e-05,5.48817817390129e-05,0.000572086922710382,0.000898440239006776,0.00111274758768189,0.814875635625349,0.000768200824876936,0.000360037379467934,4.55161219838703e-05,0.000122535587008253,0.17917914427281,0.0013526366610128,0.000424832272107391,7.54998800492408e-05,3.58381482420236e-05,8.54188395246422e-05
"sscle_02g020190",1.8572977201158e-05,2.97692754783929e-05,0.000359995723415451,0.000476298300961722,0.000629233613581815,0.843436323128509,0.000399176060792703,0.000223329669809274,2.23965891103762e-05,6.63624387568697e-05,0.153411999423001,0.000593231012741322,0.000230870276061986,3.80273415750293e-05,1.86192511509509e-05,4.57949178534809e-05
"sscle_03g026580",2.58562325843413e-06,5.27929185418667e-06,4.07548736043327e-05,7.36946633842366e-05,3.77538916423858e-05,0.995308377093383,5.51313177670245e-05,6.29819253473387e-05,3.80447243300313e-06,6.63548777960301e-06,0.00401618205441719,0.000263308945796619,0.000106883660685282,9.3500491071356e-06,2.44961367426765e-06,4.82703586586315e-06
"sscle_06g054240",4.3958842451344e-06,8.59482324701851e-06,6.62235457982721e-05,0.000124754511851767,7.02284457834439e-05,0.991579737585622,9.40887889525704e-05,9.13388874441774e-05,6.27328287608058e-06,1.20312196208826e-05,0.00731787583422714,0.000440124549575479,0.000156890634883187,1.47261549292973e-05,4.26778322575543e-06,8.44806771830329e-06
"sscle_09g071490",3.52969580325703e-05,5.97209042437633e-05,0.000389792123492186,0.000923650670961227,0.000542862225654632,0.956148285263459,0.000737077490358772,0.000449776086979094,5.06805962573598e-05,9.41895148606249e-05,0.0354811441527381,0.00398908888268572,0.000890852564438025,0.000108108347770162,3.39643746776172e-05,6.55098433912798e-05
"sscle_03g024330",2.28501837508364e-05,4.28683584523534e-05,0.000647782943539684,0.000681845265698295,0.00128663797308366,0.660265287970761,0.000426114418603807,0.000361705357542187,2.25012117189783e-05,0.00014084428418758,0.335213902011876,0.000477827298943123,0.000271500343528043,3.82724114180782e-05,2.93426608748011e-05,7.07173060223855e-05
"sscle_05g041580",3.48246239789966e-05,3.51021617526457e-05,0.000702202914317914,0.000604587860391564,0.00344721464141109,0.0314623546794801,0.000807242333674024,0.000121504657397769,3.3329869319153e-05,0.000146933940130975,0.962103188787786,0.000233840153540498,8.06629699479827e-05,3.2948402609683e-05,3.28610066687665e-05,0.000121200997592663
"sscle_16g110530",2.30742422006727e-05,3.72848602838752e-05,0.000360314095079389,0.000598238842464205,0.000585217340506791,0.917166689536386,0.000552780877702493,0.000273272727776171,2.89983768563588e-05,7.53245043007049e-05,0.0785871632404902,0.00121436540868455,0.000368286028516168,5.36611989475057e-05,2.3028089245888e-05,5.23006305587928e-05
"sscle_02g020200",9.14545822906074e-05,0.000125330021633324,0.00119799920344838,0.00217795940491385,0.0030472239601936,0.675021510218959,0.00203660510555894,0.000655626909824907,0.000107499816929898,0.000338490362836056,0.310378068750527,0.00349651748373379,0.000842594948270305,0.00016690273316069,9.41043855251861e-05,0.000222112112194731
"sscle_06g048630",2.86653222328344e-06,6.04685678694735e-06,4.09525521629376e-05,8.04899078758589e-05,3.43510420930568e-05,0.996108626017786,5.26288002078434e-05,7.72585319972026e-05,4.59075118528677e-06,6.50944814643504e-06,0.0030765753282919,0.000345393304432093,0.000144307350020396,1.19405148275642e-05,2.59570138871792e-06,4.86736057474979e-06
"sscle_07g058340",3.21610057530547e-05,4.61609725093394e-05,0.000593051133724047,0.000747276540943668,0.00108406564061855,0.73923195218261,0.00087622431724434,0.000297077351549793,3.85645614583913e-05,0.000102325622999902,0.255542631814143,0.000926913758567578,0.000309769358903434,6.11272882859242e-05,3.0106817650174e-05,8.05916330391606e-05
"sscle_12g089690",4.68365373773096e-06,8.61384565012942e-06,0.000131097936260911,0.000120040773619474,0.000129787408169092,0.953512412092468,0.000117590372677744,9.02330005998883e-05,5.8392207708667e-06,1.40710018368314e-05,0.0456393581350529,0.000124990119555387,7.45568229678436e-05,1.0934634538877e-05,4.36870851236822e-06,1.14222735819583e-05
"sscle_06g048910",0.0114020075656889,0.0128939898705079,0.000533773254002085,0.00669253324830715,0.000122914425085906,0.000115816107513332,0.0023046270046227,0.00107473188819798,0.640051452205099,0.000243168984372305,0.000104329336410308,0.00407863303833057,0.00118821435026989,0.316820722991329,0.00178085674453492,0.000592228985728421
"sscle_09g073930",9.16534318195992e-05,0.000138518662399902,0.000949681866799464,0.00226982462675959,0.00173753867274226,0.878334228024605,0.00191906502237339,0.00082689071174587,0.000123042665213425,0.000271865094456101,0.103810668901658,0.0075491835618604,0.00147530642761278,0.000229196003699012,9.06797477166952e-05,0.000182656578539172
"sscle_06g050700",1.31800421973993e-05,2.51089955507946e-05,0.000164051026707027,0.000375079507846819,0.000195464145671263,0.982346030932036,0.000268419888708251,0.000234077725523626,1.88601960588194e-05,3.69604759405649e-05,0.0140213167514998,0.0017427740945759,0.000476462596602099,4.45209375337025e-05,1.32023013935596e-05,2.44903821538754e-05
"sscle_01g006920",1.93583273702052e-05,1.03183034425938e-05,0.000572791794831757,0.000160265334962544,0.976196952848246,7.66100202678668e-05,0.000228743706120832,9.09756904796143e-06,6.647484567557e-06,0.000727381402286733,0.0216012337453733,6.12906906507736e-06,2.79807903922257e-06,2.91643160330581e-06,3.42752338493648e-05,0.000344480649925373
"sscle_08g065540",1.26289968370452e-05,2.03468220992184e-05,0.000221448248556438,0.000301935177309841,0.00026372267421568,0.952068164723832,0.000362290854371437,0.000166360342729517,1.70811991732645e-05,3.17391099791652e-05,0.0456602789253549,0.000595535156178511,0.000207970318245948,3.22732468879138e-05,1.10345398186678e-05,2.71896644096936e-05
"sscle_09g070260",2.96348464196315e-06,5.9907504347178e-06,4.62833682928497e-05,8.47427505079446e-05,4.43921635843897e-05,0.994579426246166,6.37356618936742e-05,6.89885688013663e-05,4.30495406341828e-06,7.79648729545384e-06,0.00464689278055324,0.000306810270000617,0.00011877713852774,1.04664694405639e-05,2.83826960284975e-06,5.59063619351142e-06
"sscle_05g046330",2.07531197547194e-05,3.59584905109703e-05,0.00026372398612333,0.000554121810878579,0.000358494506135641,0.965354486110463,0.000450818327176489,0.000290117931171193,2.89146441792312e-05,5.83426503260967e-05,0.0299894644827963,0.00195813136491649,0.000514800169864292,6.11339707672944e-05,2.02174044510506e-05,4.05210304855127e-05
"sscle_03g029380",2.70033804760557e-06,5.63346887265491e-06,4.08370139000644e-05,7.94852374736488e-05,3.95263044450904e-05,0.995420480735659,5.39209686783865e-05,6.77325407866372e-05,3.94362925202549e-06,7.32254832295585e-06,0.00382624269228101,0.000312094422008571,0.000122523272892392,9.88231405890598e-06,2.65212805747718e-06,5.02238526345735e-06
"sscle_03g023580",3.31386622485793e-06,1.01726310347698e-05,3.87810544521e-05,0.000108400050400721,1.90435785957187e-05,0.995722596103141,5.34500987709608e-05,0.000251639862295321,6.07382138670076e-06,6.34322384352581e-06,0.000735079794624708,0.0018607808715544,0.00115018339020825,2.65315536842448e-05,3.16344945021045e-06,4.44665033229674e-06
"sscle_02g021820",3.92918273357806e-05,6.47394068888087e-05,0.000483896373399586,0.00105197990239543,0.000820096518926456,0.927197391200303,0.000807853200362499,0.000456426369653401,5.14742582243028e-05,0.00012757961589234,0.0647887509305969,0.0031231794429897,0.000764539996521145,0.000100768226619773,4.05046706918295e-05,8.15280591987501e-05
"sscle_01g011000",1.23984921479754e-05,2.16598447819412e-05,0.000180844223363464,0.000331837838705119,0.000242164118396574,0.970122940176076,0.000274042179320026,0.000184510016061334,1.68591499869343e-05,3.6166325589943e-05,0.0272869134858588,0.000929961009213568,0.000287437699635319,3.48005661650195e-05,1.2074801872787e-05,2.53900728254828e-05
"sscle_03g029800",4.28312919147481e-06,9.0275123048328e-06,5.49712560680147e-05,0.000122267650368463,4.76265940135703e-05,0.995102182509568,8.58329117994968e-05,0.000110076692013206,6.79263797730041e-06,9.84654329374433e-06,0.00342617251825477,0.000741909216864917,0.000249369151703891,1.84875954044336e-05,3.98508708226104e-06,7.16899409144893e-06
"sscle_05g043400",0.000103776435755681,3.2559940121146e-05,0.0013635514826706,0.00045651290303761,0.983235587842661,8.73807518216313e-05,0.0019147837344931,1.69944892947287e-05,2.83264331394152e-05,0.00215991866043942,0.00789104139627498,1.59946639018388e-05,5.85793857248324e-06,9.17690658323412e-06,0.000153358267425997,0.0025251781538067
"sscle_13g095780",2.81982755354372e-05,3.94514274696242e-05,0.000624272800195924,0.000595684328235055,0.000942129113955054,0.649727915334983,0.000820378995217614,0.000261279729973842,3.47682268324183e-05,7.64315386365655e-05,0.345918460648974,0.000558425296539916,0.000225270693597123,5.21459226365935e-05,2.38323049938648e-05,7.13553622237807e-05
"sscle_01g006770",2.51371661728763e-05,4.01458488309129e-05,0.000348057406363681,0.000630482040690171,0.000529180707356917,0.934490764267619,0.000565293280485269,0.000294903725629092,3.40811762886151e-05,7.11142502189567e-05,0.0608629329168955,0.00153457586192557,0.000433113829674502,6.43556358829682e-05,2.36745019947315e-05,5.21873839712731e-05
"sscle_03g026300",6.06755395774391e-06,1.09350919811219e-05,0.000116267770620435,0.00016488555557373,0.000151845106256118,0.969295969352489,0.000132013600634608,0.000102929773817413,7.80821698765081e-06,1.95866831718907e-05,0.0295470002586202,0.000287950129668951,0.000121666086823435,1.53760301703691e-05,6.02472696777693e-06,1.36740622598298e-05
"BGI_novel_G000001",1.75878174376686e-05,2.77833878767857e-05,0.000313054786329731,0.000439097708210706,0.000503498945570719,0.892536853653184,0.000407715123348267,0.000208095569869219,2.22053186449022e-05,5.56094942268665e-05,0.10446680964727,0.000667795154515658,0.000237333018661221,3.8755515901235e-05,1.68142786292848e-05,4.0990580324008e-05
"sscle_03g024020",2.05893370501561e-06,4.93522114485949e-06,2.7930054589034e-05,6.4215864119609e-05,2.1343182900158e-05,0.997727471307626,3.77066079109952e-05,7.52449822132684e-05,3.24647112367428e-06,5.04525365113011e-06,0.0013922876464602,0.000437447522050651,0.000185752872334299,9.88123072018441e-06,2.03212124810144e-06,3.40072820339758e-06
"sscle_06g054450",1.98229308022151e-06,4.11826054690257e-06,3.40315421381791e-05,5.81399854479625e-05,3.2964980979009e-05,0.995546949686319,4.20922103684336e-05,5.02227427422366e-05,2.77763238174442e-06,5.66650240031436e-06,0.00395172173055273,0.000178124348281895,7.86242759427e-05,6.70326432620132e-06,1.96693858744985e-06,3.91360590465649e-06
"sscle_12g088920",5.84423542760915e-05,7.78343059366346e-05,0.000982388486848362,0.0013325261762468,0.00263395808136871,0.465399359221832,0.00139537542604711,0.000406093827646874,6.51185686852668e-05,0.000226489896919406,0.525346859713523,0.00135593211848698,0.000409512055674456,9.27666381795727e-05,5.89247974916292e-05,0.000158418330837755
"sscle_03g029490",5.06905319582009e-06,8.09540903119965e-05,1.19297309830139e-05,7.91657914233368e-05,1.1896405569163e-06,4.46615791965019e-05,1.59412667391838e-05,0.00600605023348746,2.58626782774036e-05,1.65927964646813e-06,4.57116466113907e-06,0.00227194773587655,0.989043391633435,0.00240247410128864,3.35110171310308e-06,1.78091920713342e-06
"sscle_10g075560",0.000284299737241772,6.60432300733113e-05,0.00161668673786152,0.000427231102526406,0.640491072498641,9.34815728395667e-06,0.000334045830747078,1.06074486972272e-05,2.91298985083988e-05,0.305328670370446,0.00027519513071822,4.03022385587625e-06,2.21805189074002e-06,5.90931845129178e-06,0.001511485188483,0.0496040270745747
"sscle_02g012190",2.42202484632321e-05,4.02844913824384e-05,0.000320606657742346,0.000627394588915689,0.000457517596900981,0.952302004180133,0.000543091051451069,0.000309779321574027,3.31367937431708e-05,6.82467847303242e-05,0.0428011719388812,0.00183318169350455,0.00050083169668379,6.64249675517393e-05,2.32364735289725e-05,4.88715148135251e-05
"sscle_09g070160",3.83205727385406e-05,6.26781138722805e-05,0.000445484702814428,0.000985372372692232,0.000674603382676293,0.942053202699749,0.000825568665535947,0.000450108634525952,5.31081117572962e-05,0.00010766268603605,0.049830013829392,0.00344760057685674,0.000807201706191555,0.000107064968601329,3.71894330868135e-05,7.48195434734746e-05
"sscle_03g023390",1.36223070155378e-06,3.33871985690531e-06,2.01274095634047e-05,4.27932103157434e-05,1.43849321472985e-05,0.998430561787745,2.69202049266557e-05,5.41419115014781e-05,2.10229313925451e-06,3.36913154969973e-06,0.000998062541625225,0.000266658306495265,0.00012605308436148,6.46560787630715e-06,1.34985886331832e-06,2.30876933138605e-06
"sscle_16g109260",6.84948908002867e-06,1.29493045592145e-05,0.000101530156121697,0.000192767504852624,0.000120088218513604,0.985837083924435,0.000146083590780882,0.000126811229574491,9.50645769583254e-06,1.98622891564129e-05,0.0125444762583983,0.000629074539154722,0.000211212051046404,2.13385739643347e-05,6.78712511258119e-06,1.35792875537398e-05
"sscle_11g083230",0.276762773273172,0.00635661198410006,0.000482019643005121,0.0031646209722445,0.000194958043455651,1.7284665594694e-05,0.00167477308737131,0.000103067255033526,0.692980179562442,0.000598416514731551,4.62764720072686e-05,0.000123483933829071,4.38480392698116e-05,0.00266185387465203,0.0113784469660251,0.00341138571306647
"sscle_02g020620",1.03779367397513e-05,1.99782535670226e-05,0.000131580557051543,0.00029571217932119,0.000152782600983134,0.985477555150095,0.000205162027795524,0.000194301771730473,1.50580358820254e-05,2.85868333726214e-05,0.0116817142834064,0.00133418778088703,0.000387803591047915,3.57966387884688e-05,1.02865195698701e-05,1.91158397620952e-05
"sscle_03g029900",1.14885375125431e-05,2.00292470944304e-05,0.000181127907468156,0.000306863986828517,0.000244663623146293,0.965065670976171,0.000249014483232983,0.000170599916022741,1.54134598686684e-05,3.43116337851003e-05,0.0326814841322226,0.00071261550586299,0.000240489223629416,3.08399741090749e-05,1.11673966393378e-05,2.4219996406253e-05
"sscle_15g106330",5.30849773919969e-07,1.27315640355023e-06,9.12061965114629e-06,1.61655219491974e-05,6.4668466912109e-06,0.999189636819229,1.02672891459562e-05,2.14042913428707e-05,8.12212040396872e-07,1.32247734973213e-06,0.000635795393589185,6.54002812943829e-05,3.80302286455099e-05,2.32164676356117e-06,5.11851755321067e-07,9.40514374496308e-07
"sscle_01g010960",6.38161488453926e-06,1.2346213411877e-05,8.63183791500538e-05,0.000177702975044682,9.12132719695961e-05,0.990125799521186,0.000131622659734972,0.000127193363170595,9.48864060380746e-06,1.63263433495324e-05,0.0081881976108868,0.000746707077317651,0.000240331175357653,2.26708748771114e-05,6.05474342252788e-06,1.16455356328241e-05
"sscle_03g030410",5.53735169960008e-06,1.32322604275795e-05,6.291317914543e-05,0.000169942357316441,4.76591933125388e-05,0.994600204496713,0.000100090761707506,0.000189187663884685,9.16187298944282e-06,1.24613296259607e-05,0.00234238082897886,0.00180595965943333,0.000597846593212844,2.95581882924946e-05,5.37792319376562e-06,8.48634006700963e-06
"sscle_07g055970",0.000944096465658623,4.99431812316311e-05,0.000213483044017515,0.000119619513424986,0.00114908439848983,7.5656324943589e-07,0.000142024345258577,2.04220855359296e-06,2.58954882687706e-05,0.0416016995527063,8.85208848234107e-06,8.55262901676443e-07,4.40887765721657e-07,2.5538060184682e-06,0.0103418110690867,0.945396842124886
"sscle_12g089600",0.000108784615560233,3.06903681124545e-05,0.000959696587742382,0.00043953130867026,0.984572902633723,8.64552787596607e-05,0.00100459047537063,1.55285130818813e-05,3.45989589310274e-05,0.00169582312050092,0.00903343058172414,1.61987731835509e-05,5.59167761673059e-06,9.77164793811779e-06,0.00013836030491381,0.00184804515417128
"sscle_10g075950",6.8948483859097e-05,8.83956349166441e-05,0.00119338316141798,0.00150253466526649,0.00295159718706496,0.444802269093133,0.00199509473347543,0.000441924968777438,7.6175172372039e-05,0.000244752240241151,0.544322876167279,0.0015080895972679,0.00044151959485084,0.000106677158183898,6.65337069821692e-05,0.000189228434912261
"sscle_06g051690",3.047599197543e-05,5.73131387846445e-05,0.000301695457835678,0.000845186411063165,0.000355623796025459,0.972121628707084,0.000578248204038379,0.00049735374527965,4.66449661222907e-05,7.64801691139233e-05,0.0174938784976064,0.00613028747599264,0.00126864651145211,0.000115632901408288,2.97931121122083e-05,5.11109141055946e-05
"sscle_07g056990",0.00239162766499608,0.00206998269554281,4.71596374519508e-05,0.000348718459308048,5.94392025871109e-06,4.14281686076468e-06,0.000313987833829046,6.34466593288503e-05,0.946068501270657,1.19177003175172e-05,4.37360354492151e-06,8.48638035003531e-05,3.99667086543526e-05,0.0483513798275029,0.000139321499456233,5.46658987905305e-05
"sscle_15g103580",0.0448999110609596,0.00383254856992028,0.0380515166412028,0.028517614752125,0.41601466336099,0.00113317923422985,0.0918822737687482,0.000732172559948737,0.0124393661996372,0.0378947414985056,0.0205463037468452,0.00075014379260935,0.000251474206539556,0.00127615819917751,0.0193171433380176,0.282460789070544
"sscle_03g030270",5.93244319958172e-06,1.05586560956266e-05,0.00011334151748242,0.000157464723118052,0.000142110315891801,0.970081121215905,0.000133813693500934,9.8942595399133e-05,7.78078555685818e-06,1.80238841502714e-05,0.0288001361817338,0.000279829408701302,0.000116794659824322,1.52772285391779e-05,5.70966994338919e-06,1.31630209583189e-05
"sscle_15g105130",7.26775298780151e-05,0.000116620993867418,0.00140922605938393,0.00181646680363656,0.00286435646591447,0.579758771958754,0.00125107180320495,0.000772261640373038,8.12868560893223e-05,0.000308268315653887,0.408968239420706,0.00152106660949169,0.000662952223081685,0.000127246691362096,7.90049946787549e-05,0.00019048163392379
"sscle_03g024800",0.0107069716448716,0.0131271351927519,0.000886159131485695,0.0135282578819661,0.000252205627775485,0.000393940525129042,0.00627972002738397,0.00230896431737886,0.284681556939303,0.000436602513956889,0.000269644338827278,0.0397196226148453,0.00507635384726388,0.619068052453247,0.00237048377899511,0.000894329164818504
"sscle_15g105020",0.00198209711228431,0.00115560064496359,0.107054722666409,0.0111957504800335,0.477116203702724,0.00533723423588085,0.038676474463203,0.00110145133006652,0.000839517989153493,0.00967479763848127,0.321784857566025,0.000425851527437312,0.000260522135304098,0.000362616262178842,0.0018283468864283,0.021203955359427
"sscle_01g007610",0.0237981093987508,0.0032395164441235,0.126229338701245,0.0183645717948946,0.342929322709725,0.0009650313839605,0.122865725979641,0.000768730726378453,0.00587544957207714,0.0195741176944487,0.0230309329019159,0.000343916939300657,0.000175295845068635,0.000786880721019361,0.00939179068553602,0.301661268501914
"sscle_05g041820",2.6082379729811e-05,4.88742004029752e-05,0.0002770947822777,0.000732051054072461,0.000339967931446262,0.97334978015825,0.000509532287142836,0.000422464589204214,3.84248325331212e-05,7.0021598071016e-05,0.0185481968425762,0.00447848162446816,0.000994490609692793,9.25718985106374e-05,2.60540803064017e-05,4.59111313153479e-05
"sscle_09g069030",0.0144364488086197,0.0577641894058397,0.694802649837118,0.0364720850074139,0.00923205525313375,0.00132406068111619,0.0655730743887142,0.0210004503094922,0.00441998934224408,0.015165825371832,0.00440928348085039,0.000673268471161976,0.00125923643280816,0.003259977691252,0.017647271300066,0.0525601342183382
"sscle_05g040640",1.22020266910162e-05,1.14571505018045e-05,0.000330786370202568,0.000189888056222774,0.00188248207774562,0.00646298459123249,0.000303978750694414,3.61966023704445e-05,1.06965703346203e-05,5.33920487274622e-05,0.990569197978471,4.718074581922e-05,1.91363413969489e-05,9.31486108036693e-06,1.11692314092568e-05,4.99365971000467e-05
"sscle_09g069800",1.87529206648909e-05,0.000133083756616465,2.65321374848688e-05,0.000305344383436573,5.47206829425912e-06,0.00022579633124753,6.54113208359005e-05,0.00159823796910028,0.000101768361729228,6.95917837947591e-06,2.09960921415805e-05,0.49235462065707,0.500211021762706,0.00490679376557577,1.26624819865363e-05,6.54681273099992e-06
"sscle_03g028580",2.7826635473843e-06,5.9948069898941e-06,9.98133509706849e-05,7.35994195493725e-05,6.8966571854182e-05,0.973175183585022,5.43016007853286e-05,8.89097036889533e-05,3.58027630900545e-06,8.15456879653152e-06,0.0262892862381822,5.86879330911452e-05,5.43752247326339e-05,7.18400229453485e-06,2.58982331981778e-06,6.59023086613505e-06
"sscle_08g068140",2.52278876858606e-05,3.56633780964704e-05,0.000586129955049647,0.000547897877998116,0.000914762316930892,0.635182952333331,0.000760420842343718,0.000238584872876274,3.00153564152863e-05,7.35642243508266e-05,0.360773822552169,0.000494184087141803,0.000203219901827847,4.52247959944027e-05,2.20822491407268e-05,6.62473686483806e-05
"sscle_04g039740",1.78417814885369e-05,2.77976996984544e-05,0.000329427172649833,0.000428615893272918,0.000489828087953477,0.889078293016668,0.000433123637645309,0.000210299418533928,2.29115024132538e-05,5.20401820374133e-05,0.107970749479014,0.000613279350093892,0.000228677368885613,3.95302894980033e-05,1.63348109968232e-05,4.12503091506617e-05
"sscle_14g101050",2.36745942323073e-06,5.03872025191559e-06,3.61090758156223e-05,6.82072202324691e-05,2.96940782641202e-05,0.996575006381149,5.22145958247303e-05,6.40184072908846e-05,3.58664681220343e-06,5.67845266835422e-06,0.00272060154751552,0.000300482596585578,0.000121104889168943,9.45055357032988e-06,2.2127650256867e-06,4.22661040152929e-06
"sscle_04g038660",2.31037201748877e-05,3.72901027629588e-05,0.000319951155305061,0.000580029581899198,0.000458412507188663,0.944501450360929,0.000539373737965683,0.000280764783243408,3.16630642859653e-05,6.32818686601195e-05,0.0511140552613017,0.00149790996920256,0.000422784816595791,6.11381705208821e-05,2.15295395909846e-05,4.72613603726985e-05
"sscle_08g067190",0.000416206576241866,0.000386819937341159,0.00379706391901354,0.00719636237467804,0.0187831592310956,0.194281613900911,0.00900307101217629,0.00109162234869786,0.00044876354954474,0.00147123760258911,0.753498995841282,0.0064576801765149,0.00119820141970397,0.000475424129025867,0.000395497162097668,0.00109828081908685
"sscle_03g024000",1.96621782989083e-07,1.88177880645255e-06,7.99440750164282e-07,5.58925301717829e-06,1.40940094662296e-07,2.27036893401283e-05,9.87512247645414e-07,0.000183291236674788,6.01384023277224e-07,1.62125421312413e-07,8.47706342667725e-07,0.00093019876229829,0.998837781795809,1.45137087524335e-05,1.88376636829054e-07,1.1566800268707e-07
"sscle_10g078270",9.01364094875155e-06,0.000146628285697104,8.04868182781056e-05,0.000234989313775273,6.33243106645906e-06,0.000701080449782323,4.24553984307826e-05,0.334154464329305,2.35745766608493e-05,7.17355997542535e-06,3.88098620936393e-05,0.00102565763800157,0.663015662582305,0.000499238789543017,8.41351350750333e-06,6.01881062913808e-06
"sscle_05g041520",8.93310971897329e-06,1.54849638051408e-05,0.000148525484327537,0.000230534431148464,0.000180049238393249,0.971971727051045,0.000213798363685381,0.000138619203281976,1.21844809521398e-05,2.43733690366308e-05,0.0262978134558841,0.000518868410094742,0.000187524749013519,2.45656170236948e-05,8.29447818587611e-06,1.87035944040159e-05
"sscle_14g098090",0.0068071078287712,0.00100630861896604,0.0261608331813737,0.00848206075563245,0.782462184956499,0.000584215257877016,0.0281616693167278,0.000277351008704702,0.00181504377446023,0.0176114142561844,0.0204208458134201,0.000199890604878972,8.08841509808157e-05,0.000279939342647537,0.00435027236403049,0.101299978768845
"sscle_01g009130",1.06271167569753e-05,2.14107704947996e-05,0.000128754647188803,0.000307759450959166,0.000133898157828905,0.988074654880208,0.000215061005994871,0.000222540653318582,1.57938139484072e-05,2.78026866768103e-05,0.00845710401911523,0.00180842934631961,0.000506407256053845,4.05093845529226e-05,1.0521203377636e-05,1.87256072051941e-05
"sscle_02g020850",0.000703185968938048,0.000103822395637529,0.00517701100711999,0.000728847179843114,0.915976323839554,2.79838202383485e-05,0.00181171730937548,2.10129161636982e-05,9.81861277270512e-05,0.00911332500271619,0.00121600394849378,9.00107242323716e-06,4.59186262980099e-06,1.51816912763654e-05,0.000867744784657664,0.0641260610732058
"sscle_01g011210",0.000233706656244965,0.000330457933127894,0.0336385865036104,0.0033511361228548,0.0605096672320273,0.00915725398646625,0.00278134376909304,0.000993397424731599,0.000130945151513306,0.00225471391443443,0.884154337771168,0.000169566962083708,0.000170800229141042,0.000104254877522108,0.000306938281525233,0.00171289318445631
"sscle_01g005690",1.06579984111265e-05,0.00017640011780107,0.000108103016009742,0.000262203830151098,7.28265239080708e-06,0.000795945807626567,5.38811807161416e-05,0.623738926368152,2.80535409358588e-05,7.81941522078252e-06,4.60583708161829e-05,0.000857375280532473,0.373307803367371,0.000582956487144881,9.36682415797946e-06,7.16574256160919e-06
"sscle_02g019710",1.81668753533377e-05,0.000161902770391699,5.61209744347538e-05,0.000487109576980414,1.24396472090634e-05,0.00102958082451887,5.72963697903148e-05,0.00708240437072391,5.94910222199646e-05,1.5564279146995e-05,6.31444379398399e-05,0.0380069241029514,0.951757992901011,0.00116391577788387,1.81069101670406e-05,9.83915927702688e-06
"sscle_02g012110",0.000152828312396405,0.000144237886557465,0.0019893638309337,0.0025606702792615,0.00924878504954426,0.106109443145905,0.0036300161057823,0.000452041378558019,0.000160514837193113,0.000529926081927848,0.872322736003821,0.00155818901814784,0.000392898640836028,0.000162932543827345,0.000137500127112023,0.000447916758196846
"sscle_06g049890",2.75476200217488e-05,4.13712261664633e-05,0.000486014661332859,0.000655865999482222,0.000821198400275718,0.827481971581358,0.000657845780554622,0.000285785565362447,3.44724982625904e-05,8.4844918228873e-05,0.16805764007745,0.000905434551206799,0.000311845191483236,5.71699291712847e-05,2.57262030581042e-05,6.52657965851187e-05
"sscle_06g054110",2.10633039058147e-05,3.87097581224299e-05,0.00138139458338187,0.000493984460019204,0.00180519512738361,0.068995155492138,0.000373312164481395,0.000299248575704447,1.83841302380725e-05,0.000123663452384728,0.926111526999095,0.000107355895445052,9.95115349627915e-05,2.46200927418741e-05,2.45321886769946e-05,8.23422413188775e-05
"sscle_01g005320",0.00018220819125763,0.000260552821313023,0.00191518239810731,0.00467530731920833,0.00566728634942569,0.679266293554151,0.00314896921684512,0.00127785041947348,0.000209740183610113,0.000811066505079853,0.290463279851468,0.00924572875825767,0.00189883369524915,0.000338560363564727,0.000212286078815972,0.000426854294173337
"sscle_03g028820",4.22564802355223e-05,6.33876778228686e-05,0.000867625115240569,0.00108490758041584,0.00216292539247881,0.547157693840915,0.00104353715386352,0.000385667930801911,4.33729695920578e-05,0.000203529928633493,0.445334475881794,0.00100646181600174,0.000364812734458978,6.68585434074858e-05,4.78583763059445e-05,0.000124628578032838
"sscle_05g047240",0.10034355899731,0.0167103306749684,0.164809491270391,0.0135530729515059,0.00450253594893286,0.000375490909758321,0.550847492884978,0.00177806689424486,0.0467584457513764,0.00205560635771455,0.00184286195144221,0.000297876210887145,0.000253190017254878,0.00387907681336388,0.00669525257761776,0.0852976497882541
"sscle_03g024820",0.00274208740484552,0.00696755393646038,0.000587267256812395,0.00892704774530331,0.000148728459190738,0.000575635146157259,0.00309048310282947,0.00360424661734807,0.0478369088697693,0.000226828096065877,0.000239566052942026,0.145263299610634,0.0163859010900217,0.762167162006971,0.000872400815959211,0.000364883788689408
"sscle_03g031260",0.0320812916161854,0.0152482778573862,0.389151810310302,0.0306044378503172,0.0996892200115061,0.00107905812701692,0.0480149967066813,0.00304777661071778,0.00733792111182486,0.0433610974997761,0.0123676983738393,0.00041222543325791,0.000380829193441284,0.00156369024227581,0.0263312009753786,0.289328468080093
"sscle_12g089590",0.00265321392711393,0.00049279966707068,0.0244318354218407,0.00348831880759977,0.863735267332341,0.000207127775230901,0.00728619036206782,0.000135216158466021,0.000574818688234679,0.0128062587202384,0.00923245310680616,5.44250189985651e-05,2.90182822654201e-05,9.45892498130331e-05,0.00218548283869127,0.0725929846432226
"sscle_02g011870",0.0231211471989332,0.0237127395212379,0.0151077543292964,0.164077783367663,0.0448146988271667,0.00434310612012457,0.0362093720269368,0.00617628914176624,0.00931670850462768,0.430492002551224,0.010368388540466,0.0270004302593482,0.0054855426770074,0.00709979811949432,0.149610265583007,0.0430639732317002
"sscle_11g085860",0.000245874416732619,4.57181825088373e-05,0.000833773176732057,0.000363941419290093,0.834538961882277,8.62309117490299e-06,0.000311306809217006,7.6554888323689e-06,2.76143983692974e-05,0.134395792832092,0.000264463380449819,4.11492300556981e-06,1.91004706107501e-06,5.21742114658618e-06,0.00107676286567995,0.0278682696654307
